CASE few_16
GRID 32 32
ROBOTS 16
ROBOT 1 0 6 29 29 53
PATH 0 6 1 6 2 6 3 6 4 6 5 6 6 6 7 6 8 6 9 6 10 6 11 6 12 6 13 6 14 6 15 6 16 6 17 6 18 6 19 6 20 6 21 6 22 6 23 6 24 6 25 6 26 6 27 6 28 6 28 7 28 8 28 9 28 10 28 11 28 12 28 13 28 14 28 15 28 16 28 17 28 18 28 19 28 20 28 21 28 22 28 23 28 24 28 25 28 26 28 27 28 28 28 29 29 29
ROBOT 2 1 2 29 27 54
PATH 1 2 2 2 3 2 4 2 5 2 6 2 7 2 8 2 9 2 10 2 11 2 12 2 13 2 14 2 15 2 16 2 17 2 18 2 19 2 20 2 21 2 22 2 23 2 24 2 25 2 26 2 27 2 28 2 28 3 28 4 28 5 28 6 28 7 28 8 28 9 28 10 28 11 28 12 28 13 28 14 28 15 28 16 28 17 28 18 28 19 28 20 28 21 28 22 28 23 28 24 28 25 28 26 28 27 29 27
ROBOT 3 1 5 29 24 48
PATH 1 5 2 5 3 5 4 5 5 5 6 5 7 5 8 5 9 5 10 5 11 5 12 5 13 5 14 5 15 5 16 5 17 5 18 5 19 5 20 5 21 5 22 5 23 5 24 5 25 5 26 5 27 5 28 5 29 5 29 6 29 7 29 8 29 9 29 10 29 11 29 12 29 13 29 14 29 15 29 16 29 17 29 18 29 19 29 20 29 21 29 22 29 23 29 24
ROBOT 4 7 6 20 30 38
PATH 7 6 8 6 9 6 10 6 11 6 12 6 13 6 14 6 15 6 16 6 17 6 18 6 19 6 20 6 20 7 20 8 20 9 20 10 20 11 20 12 20 13 20 14 20 15 20 16 20 17 20 18 20 19 20 20 20 21 20 22 20 23 20 24 20 25 20 26 20 27 20 28 20 29 20 30
ROBOT 5 9 6 19 29 34
PATH 9 6 9 7 9 8 9 9 9 10 9 11 9 12 9 13 9 14 9 15 9 16 9 17 9 18 9 19 9 20 9 21 9 22 9 23 9 24 9 25 9 26 9 27 9 28 10 28 11 28 12 28 13 28 14 28 15 28 16 28 17 28 18 28 19 28 19 29
ROBOT 6 11 7 18 25 26
PATH 11 7 11 8 11 9 11 10 11 11 11 12 11 13 11 14 11 15 11 16 11 17 11 18 11 19 11 20 11 21 11 22 11 23 11 24 11 25 12 25 13 25 14 25 15 25 16 25 17 25 18 25
ROBOT 7 14 5 14 30 26
PATH 14 5 14 6 14 7 14 8 14 9 14 10 14 11 14 12 14 13 14 14 14 15 14 16 14 17 14 18 14 19 14 20 14 21 14 22 14 23 14 24 14 25 14 26 14 27 14 28 14 29 14 30
ROBOT 8 20 4 13 24 28
PATH 20 4 20 5 20 6 20 7 20 8 20 9 20 10 20 11 20 12 20 13 20 14 20 15 20 16 20 17 20 18 20 19 20 20 20 21 20 22 20 23 20 24 19 24 18 24 17 24 16 24 15 24 14 24 13 24
ROBOT 9 21 4 10 27 36
PATH 21 4 21 5 21 6 21 6 21 7 21 8 21 9 21 10 21 11 21 12 21 13 21 14 21 15 21 16 21 17 21 18 21 19 21 20 21 21 21 22 21 23 21 24 21 25 21 26 21 27 20 27 19 27 18 27 17 27 16 27 15 27 14 27 13 27 12 27 11 27 10 27
ROBOT 10 21 6 9 29 36
PATH 21 6 21 7 21 8 21 9 21 10 21 11 21 12 21 13 21 14 21 15 21 16 21 17 21 18 21 19 21 20 21 21 21 22 21 23 21 24 21 25 21 26 21 27 21 28 21 29 20 29 19 29 18 29 17 29 16 29 15 29 14 29 13 29 12 29 11 29 10 29 9 29
ROBOT 11 24 7 9 24 33
PATH 24 7 24 8 24 9 24 10 24 11 24 12 24 13 24 14 24 15 24 16 24 17 24 18 24 19 24 20 23 20 22 20 21 20 20 20 19 20 18 20 17 20 16 20 15 20 14 20 13 20 12 20 11 20 10 20 9 20 9 21 9 22 9 23 9 24
ROBOT 12 25 7 8 31 42
PATH 25 7 25 8 25 9 25 10 25 11 25 12 25 13 25 14 25 15 25 16 25 17 25 18 25 19 25 20 25 21 25 22 25 23 25 24 25 25 25 26 25 27 25 28 25 29 25 30 25 31 24 31 23 31 22 31 21 31 20 31 19 31 18 31 17 31 16 31 15 31 14 31 13 31 12 31 11 31 10 31 9 31 8 31
ROBOT 13 26 0 5 29 52
PATH 26 0 25 0 24 0 23 0 22 0 21 0 20 0 19 0 18 0 17 0 16 0 15 0 14 0 13 0 12 0 11 0 10 0 9 0 8 0 7 0 6 0 5 0 5 1 5 2 5 3 5 3 5 4 5 5 5 6 5 7 5 8 5 9 5 10 5 11 5 12 5 13 5 14 5 15 5 16 5 17 5 18 5 19 5 20 5 21 5 22 5 23 5 24 5 25 5 26 5 27 5 28 5 29
ROBOT 14 26 1 1 28 53
PATH 26 1 26 2 26 3 26 4 26 5 26 6 26 7 26 8 26 9 26 10 26 11 26 12 26 13 26 14 26 15 26 16 26 17 26 18 26 19 26 20 26 21 26 22 26 23 26 24 26 25 26 26 26 27 26 28 25 28 24 28 23 28 22 28 21 28 20 28 19 28 18 28 17 28 16 28 15 28 14 28 13 28 12 28 11 28 10 28 9 28 8 28 7 28 6 28 5 28 4 28 3 28 2 28 1 28
ROBOT 15 27 8 0 31 51
PATH 27 8 26 8 25 8 24 8 23 8 22 8 21 8 20 8 19 8 18 8 17 8 16 8 15 8 14 8 13 8 12 8 11 8 10 8 9 8 8 8 7 8 6 8 5 8 4 8 3 8 2 8 1 8 0 8 0 9 0 10 0 11 0 12 0 13 0 14 0 15 0 16 0 17 0 18 0 19 0 20 0 21 0 22 0 23 0 24 0 25 0 26 0 27 0 28 0 29 0 30 0 31
ROBOT 16 30 4 0 29 56
PATH 30 4 29 4 28 4 27 4 26 4 25 4 24 4 23 4 22 4 21 4 20 4 19 4 18 4 17 4 16 4 15 4 14 4 13 4 12 4 11 4 10 4 9 4 8 4 7 4 6 4 5 4 4 4 3 4 2 4 1 4 0 4 0 5 0 6 0 7 0 8 0 9 0 10 0 11 0 12 0 13 0 14 0 15 0 16 0 17 0 18 0 19 0 20 0 21 0 22 0 23 0 24 0 25 0 26 0 27 0 28 0 29
