CASE few_32_bitset
GRID 32 32
ROBOTS 32
ROBOT 1 10 0 20 28 39
PATH 10 0 11 0 12 0 13 0 14 0 15 0 16 0 17 0 18 0 19 0 20 0 20 1 20 2 20 3 20 4 20 5 20 6 20 7 20 8 20 9 20 10 20 11 20 12 20 13 20 14 20 15 20 16 20 17 20 18 20 19 20 20 20 21 20 22 20 23 20 24 20 25 20 26 20 27 20 28
ROBOT 2 10 2 20 26 35
PATH 10 2 11 2 12 2 13 2 14 2 15 2 16 2 17 2 18 2 19 2 20 2 20 3 20 4 20 5 20 6 20 7 20 8 20 9 20 10 20 11 20 12 20 13 20 14 20 15 20 16 20 17 20 18 20 19 20 20 20 21 20 22 20 23 20 24 20 25 20 26
ROBOT 3 10 8 19 31 33
PATH 10 8 11 8 12 8 13 8 14 8 15 8 16 8 17 8 18 8 19 8 19 9 19 10 19 11 19 12 19 13 19 14 19 15 19 16 19 17 19 18 19 19 19 20 19 21 19 22 19 23 19 24 19 25 19 26 19 27 19 28 19 29 19 30 19 31
ROBOT 4 11 3 19 28 34
PATH 11 3 12 3 13 3 14 3 15 3 16 3 17 3 18 3 19 3 19 4 19 5 19 6 19 7 19 8 19 9 19 10 19 11 19 12 19 13 19 14 19 15 19 16 19 17 19 18 19 19 19 20 19 21 19 22 19 23 19 24 19 25 19 26 19 27 19 28
ROBOT 5 11 9 19 25 25
PATH 11 9 12 9 13 9 14 9 15 9 16 9 17 9 18 9 19 9 19 10 19 11 19 12 19 13 19 14 19 15 19 16 19 17 19 18 19 19 19 20 19 21 19 22 19 23 19 24 19 25
ROBOT 6 12 7 19 22 23
PATH 12 7 13 7 14 7 15 7 16 7 17 7 18 7 19 7 19 8 19 9 19 10 19 11 19 12 19 13 19 14 19 15 19 16 19 17 19 18 19 19 19 20 19 21 19 22
ROBOT 7 12 8 19 20 20
PATH 12 8 13 8 14 8 15 8 16 8 17 8 18 8 19 8 19 9 19 10 19 11 19 12 19 13 19 14 19 15 19 16 19 17 19 18 19 19 19 20
ROBOT 8 13 0 18 31 37
PATH 13 0 14 0 15 0 16 0 17 0 18 0 18 1 18 2 18 3 18 4 18 5 18 6 18 7 18 8 18 9 18 10 18 11 18 12 18 13 18 14 18 15 18 16 18 17 18 18 18 19 18 20 18 21 18 22 18 23 18 24 18 25 18 26 18 27 18 28 18 29 18 30 18 31
ROBOT 9 13 3 18 28 31
PATH 13 3 14 3 15 3 16 3 17 3 18 3 18 4 18 5 18 6 18 7 18 8 18 9 18 10 18 11 18 12 18 13 18 14 18 15 18 16 18 17 18 18 18 19 18 20 18 21 18 22 18 23 18 24 18 25 18 26 18 27 18 28
ROBOT 10 13 6 18 27 27
PATH 13 6 14 6 15 6 16 6 17 6 18 6 18 7 18 8 18 9 18 10 18 11 18 12 18 13 18 14 18 15 18 16 18 17 18 18 18 19 18 20 18 21 18 22 18 23 18 24 18 25 18 26 18 27
ROBOT 11 13 9 18 20 17
PATH 13 9 14 9 15 9 16 9 17 9 18 9 18 10 18 11 18 12 18 13 18 14 18 15 18 16 18 17 18 18 18 19 18 20
ROBOT 12 13 11 17 31 25
PATH 13 11 14 11 15 11 16 11 17 11 17 12 17 13 17 14 17 15 17 16 17 17 17 18 17 19 17 20 17 21 17 22 17 23 17 24 17 25 17 26 17 27 17 28 17 29 17 30 17 31
ROBOT 13 14 2 17 22 24
PATH 14 2 15 2 16 2 17 2 17 3 17 4 17 5 17 6 17 7 17 8 17 9 17 10 17 11 17 12 17 13 17 14 17 15 17 16 17 17 17 18 17 19 17 20 17 21 17 22
ROBOT 14 14 3 17 21 22
PATH 14 3 15 3 16 3 17 3 17 4 17 5 17 6 17 7 17 8 17 9 17 10 17 11 17 12 17 13 17 14 17 15 17 16 17 17 17 18 17 19 17 20 17 21
ROBOT 15 14 8 16 30 25
PATH 14 8 15 8 16 8 16 9 16 10 16 11 16 12 16 13 16 14 16 15 16 16 16 17 16 18 16 19 16 20 16 21 16 22 16 23 16 24 16 25 16 26 16 27 16 28 16 29 16 30
ROBOT 16 14 10 16 28 21
PATH 14 10 15 10 16 10 16 11 16 12 16 13 16 14 16 15 16 16 16 17 16 18 16 19 16 20 16 21 16 22 16 23 16 24 16 25 16 26 16 27 16 28
ROBOT 17 15 3 16 22 21
PATH 15 3 16 3 16 4 16 5 16 6 16 7 16 8 16 9 16 10 16 11 16 12 16 13 16 14 16 15 16 16 16 17 16 18 16 19 16 20 16 21 16 22
ROBOT 18 15 11 15 31 21
PATH 15 11 15 12 15 13 15 14 15 15 15 16 15 17 15 18 15 19 15 20 15 21 15 22 15 23 15 24 15 25 15 26 15 27 15 28 15 29 15 30 15 31
ROBOT 19 16 3 15 26 25
PATH 16 3 15 3 15 4 15 5 15 6 15 7 15 8 15 9 15 10 15 11 15 12 15 13 15 14 15 15 15 16 15 17 15 18 15 19 15 20 15 21 15 22 15 23 15 24 15 25 15 26
ROBOT 20 16 4 15 25 23
PATH 16 4 15 4 15 5 15 6 15 7 15 8 15 9 15 10 15 11 15 12 15 13 15 14 15 15 15 16 15 17 15 18 15 19 15 20 15 21 15 22 15 23 15 24 15 25
ROBOT 21 16 6 14 27 24
PATH 16 6 15 6 14 6 14 7 14 8 14 9 14 10 14 11 14 12 14 13 14 14 14 15 14 16 14 17 14 18 14 19 14 20 14 21 14 22 14 23 14 24 14 25 14 26 14 27
ROBOT 22 16 7 13 31 28
PATH 16 7 15 7 14 7 13 7 13 8 13 9 13 10 13 11 13 12 13 13 13 14 13 15 13 16 13 17 13 18 13 19 13 20 13 21 13 22 13 23 13 24 13 25 13 26 13 27 13 28 13 29 13 30 13 31
ROBOT 23 16 8 13 30 26
PATH 16 8 15 8 14 8 13 8 13 9 13 10 13 11 13 12 13 13 13 14 13 15 13 16 13 17 13 18 13 19 13 20 13 21 13 22 13 23 13 24 13 25 13 26 13 27 13 28 13 29 13 30
ROBOT 24 16 10 12 31 26
PATH 16 10 15 10 14 10 13 10 12 10 12 11 12 12 12 13 12 14 12 15 12 16 12 17 12 18 12 19 12 20 12 21 12 22 12 23 12 24 12 25 12 26 12 27 12 28 12 29 12 30 12 31
ROBOT 25 17 4 12 27 29
PATH 17 4 16 4 15 4 14 4 13 4 12 4 12 5 12 6 12 7 12 8 12 9 12 10 12 11 12 12 12 13 12 14 12 15 12 16 12 17 12 18 12 19 12 20 12 21 12 22 12 23 12 24 12 25 12 26 12 27
ROBOT 26 17 7 12 23 22
PATH 17 7 16 7 15 7 14 7 13 7 12 7 12 8 12 9 12 10 12 11 12 12 12 13 12 14 12 15 12 16 12 17 12 18 12 19 12 20 12 21 12 22 12 23
ROBOT 27 17 11 12 21 16
PATH 17 11 16 11 15 11 14 11 13 11 12 11 12 12 12 13 12 14 12 15 12 16 12 17 12 18 12 19 12 20 12 21
ROBOT 28 18 3 11 27 32
PATH 18 3 17 3 16 3 15 3 14 3 13 3 12 3 11 3 11 4 11 5 11 6 11 7 11 8 11 9 11 10 11 11 11 12 11 13 11 14 11 15 11 16 11 17 11 18 11 19 11 20 11 21 11 22 11 23 11 24 11 25 11 26 11 27
ROBOT 29 18 9 11 20 19
PATH 18 9 17 9 16 9 15 9 14 9 13 9 12 9 11 9 11 10 11 11 11 12 11 13 11 14 11 15 11 16 11 17 11 18 11 19 11 20
ROBOT 30 18 10 10 31 30
PATH 18 10 17 10 16 10 15 10 14 10 13 10 12 10 11 10 10 10 10 11 10 12 10 13 10 14 10 15 10 16 10 17 10 18 10 19 10 20 10 21 10 22 10 23 10 24 10 25 10 26 10 27 10 28 10 29 10 30 10 31
ROBOT 31 19 4 10 26 32
PATH 19 4 18 4 17 4 16 4 15 4 14 4 13 4 12 4 11 4 10 4 10 5 10 6 10 7 10 8 10 9 10 10 10 11 10 12 10 13 10 14 10 15 10 16 10 17 10 18 10 19 10 20 10 21 10 22 10 23 10 24 10 25 10 26
ROBOT 32 20 5 10 22 28
PATH 20 5 19 5 18 5 17 5 16 5 15 5 14 5 13 5 12 5 11 5 10 5 10 6 10 7 10 8 10 9 10 10 10 11 10 12 10 13 10 14 10 15 10 16 10 17 10 18 10 19 10 20 10 21 10 22
