CASE few_8_bitset_independent
GRID 32 32
ROBOTS 8
ROBOT 1 7 4 31 29 50
PATH 7 4 8 4 9 4 10 4 11 4 12 4 13 4 14 4 15 4 16 4 17 4 18 4 19 4 20 4 21 4 22 4 23 4 24 4 25 4 26 4 27 4 28 4 29 4 30 4 31 4 31 5 31 6 31 7 31 8 31 9 31 10 31 11 31 12 31 13 31 14 31 15 31 16 31 17 31 18 31 19 31 20 31 21 31 22 31 23 31 24 31 25 31 26 31 27 31 28 31 29
ROBOT 2 12 6 30 28 41
PATH 12 6 13 6 14 6 15 6 16 6 17 6 18 6 19 6 20 6 21 6 22 6 23 6 24 6 25 6 26 6 27 6 28 6 29 6 30 6 30 7 30 8 30 9 30 10 30 11 30 12 30 13 30 14 30 15 30 16 30 17 30 18 30 19 30 20 30 21 30 22 30 23 30 24 30 25 30 26 30 27 30 28
ROBOT 3 13 0 30 24 42
PATH 13 0 14 0 15 0 16 0 17 0 18 0 19 0 20 0 21 0 22 0 23 0 24 0 25 0 26 0 27 0 28 0 29 0 30 0 30 1 30 2 30 3 30 4 30 5 30 6 30 7 30 8 30 9 30 10 30 11 30 12 30 13 30 14 30 15 30 16 30 17 30 18 30 19 30 20 30 21 30 22 30 23 30 24
ROBOT 4 19 5 25 30 32
PATH 19 5 20 5 21 5 22 5 23 5 24 5 25 5 25 6 25 7 25 8 25 9 25 10 25 11 25 12 25 13 25 14 25 15 25 16 25 17 25 18 25 19 25 20 25 21 25 22 25 23 25 24 25 25 25 26 25 27 25 28 25 29 25 30
ROBOT 5 21 0 25 25 30
PATH 21 0 22 0 23 0 24 0 25 0 25 1 25 2 25 3 25 4 25 5 25 6 25 7 25 8 25 9 25 10 25 11 25 12 25 13 25 14 25 15 25 16 25 17 25 18 25 19 25 20 25 21 25 22 25 23 25 24 25 25
ROBOT 6 21 7 21 26 20
PATH 21 7 21 8 21 9 21 10 21 11 21 12 21 13 21 14 21 15 21 16 21 17 21 18 21 19 21 20 21 21 21 22 21 23 21 24 21 25 21 26
ROBOT 7 23 7 10 25 32
PATH 23 7 22 7 21 7 20 7 19 7 18 7 17 7 16 7 15 7 14 7 13 7 12 7 11 7 10 7 10 8 10 9 10 10 10 11 10 12 10 13 10 14 10 15 10 16 10 17 10 18 10 19 10 20 10 21 10 22 10 23 10 24 10 25
ROBOT 8 24 5 5 25 40
PATH 24 5 23 5 22 5 21 5 20 5 19 5 18 5 17 5 16 5 15 5 14 5 13 5 12 5 11 5 10 5 9 5 8 5 7 5 6 5 5 5 5 6 5 7 5 8 5 9 5 10 5 11 5 12 5 13 5 14 5 15 5 16 5 17 5 18 5 19 5 20 5 21 5 22 5 23 5 24 5 25
