CASE few_8
GRID 32 32
ROBOTS 8
ROBOT 1 7 4 31 29 50
PATH 7 4 7 5 7 6 7 7 7 8 7 9 7 10 7 11 7 12 7 13 7 14 7 15 7 16 7 17 7 18 7 19 7 20 7 21 7 22 7 23 7 24 7 25 7 26 7 27 7 28 7 29 8 29 9 29 10 29 11 29 12 29 13 29 14 29 15 29 16 29 17 29 18 29 19 29 20 29 21 29 22 29 23 29 24 29 25 29 26 29 27 29 28 29 29 29 30 29 31 29
ROBOT 2 12 6 30 28 41
PATH 12 6 12 7 12 8 12 9 12 10 12 11 12 12 12 13 12 14 12 15 12 16 12 17 12 18 12 19 12 20 12 21 12 22 12 23 12 24 12 25 12 26 12 27 12 28 13 28 14 28 15 28 16 28 17 28 18 28 19 28 20 28 21 28 22 28 23 28 24 28 25 28 26 28 27 28 28 28 29 28 30 28
ROBOT 3 13 0 30 24 42
PATH 13 0 13 1 13 2 13 3 13 4 13 5 13 6 13 7 13 8 13 9 13 10 13 11 13 12 13 13 13 14 13 15 13 16 13 17 13 18 13 19 13 20 13 21 13 22 13 23 13 24 14 24 15 24 16 24 17 24 18 24 19 24 20 24 21 24 22 24 23 24 24 24 25 24 26 24 27 24 28 24 29 24 30 24
ROBOT 4 19 5 25 30 32
PATH 19 5 19 6 19 7 19 8 19 9 19 10 19 11 19 12 19 13 19 14 19 15 19 16 19 17 19 18 19 19 19 20 19 21 19 22 19 23 19 24 19 25 19 26 19 27 19 28 19 29 19 30 20 30 21 30 22 30 23 30 24 30 25 30
ROBOT 5 21 0 25 25 30
PATH 21 0 21 1 21 2 21 3 21 4 21 5 21 6 21 7 21 8 21 9 21 10 21 11 21 12 21 13 21 14 21 15 21 16 21 17 21 18 21 19 21 20 21 21 21 22 21 23 21 24 21 25 22 25 23 25 24 25 25 25
ROBOT 6 21 7 21 26 20
PATH 21 7 21 8 21 9 21 10 21 11 21 12 21 13 21 14 21 15 21 16 21 17 21 18 21 19 21 20 21 21 21 22 21 23 21 24 21 25 21 26
ROBOT 7 23 7 10 25 32
PATH 23 7 23 8 23 9 23 10 23 11 23 12 23 13 23 14 23 15 23 16 23 17 23 18 23 19 23 20 23 21 23 22 23 23 23 24 23 25 22 25 21 25 20 25 19 25 18 25 17 25 16 25 15 25 14 25 13 25 12 25 11 25 10 25
ROBOT 8 24 5 5 25 40
PATH 24 5 23 5 22 5 21 5 20 5 19 5 18 5 17 5 16 5 15 5 14 5 13 5 12 5 11 5 10 5 9 5 8 5 7 5 6 5 5 5 5 6 5 7 5 8 5 9 5 10 5 11 5 12 5 13 5 14 5 15 5 16 5 17 5 18 5 19 5 20 5 21 5 22 5 23 5 24 5 25
