CASE few_16_bitset
GRID 32 32
ROBOTS 16
ROBOT 1 0 6 29 29 53
PATH 0 6 0 7 0 8 0 9 0 10 0 11 0 12 0 13 0 14 0 15 0 16 0 17 0 18 0 19 0 20 0 21 0 22 0 23 0 24 0 25 0 26 0 27 0 28 0 29 1 29 2 29 3 29 4 29 5 29 6 29 7 29 8 29 9 29 10 29 11 29 12 29 13 29 14 29 15 29 16 29 17 29 18 29 19 29 20 29 21 29 22 29 23 29 24 29 25 29 26 29 27 29 28 29 29 29
ROBOT 2 1 2 29 27 54
PATH 1 2 1 3 1 4 1 5 1 6 1 7 1 8 1 9 1 10 1 11 1 12 1 13 1 14 1 15 1 16 1 17 1 18 1 19 1 20 1 21 1 22 1 23 1 24 1 25 1 26 1 27 2 27 3 27 4 27 5 27 6 27 7 27 8 27 9 27 10 27 11 27 12 27 13 27 14 27 15 27 16 27 17 27 18 27 19 27 20 27 21 27 22 27 23 27 24 27 25 27 26 27 27 27 28 27 29 27
ROBOT 3 1 5 29 24 48
PATH 1 5 1 6 1 7 1 8 1 9 1 10 1 11 1 12 1 13 1 14 1 15 1 16 1 17 1 18 1 19 1 20 1 21 1 22 1 23 1 24 2 24 3 24 4 24 5 24 6 24 7 24 8 24 9 24 10 24 11 24 12 24 13 24 14 24 15 24 16 24 17 24 18 24 19 24 20 24 21 24 22 24 23 24 24 24 25 24 26 24 27 24 28 24 29 24
ROBOT 4 7 6 20 30 38
PATH 7 6 8 6 9 6 10 6 11 6 12 6 13 6 14 6 15 6 16 6 17 6 18 6 19 6 20 6 20 7 20 8 20 9 20 10 20 11 20 12 20 13 20 14 20 15 20 16 20 17 20 18 20 19 20 20 20 21 20 22 20 23 20 24 20 25 20 26 20 27 20 28 20 29 20 30
ROBOT 5 9 6 19 29 34
PATH 9 6 10 6 11 6 12 6 13 6 14 6 15 6 16 6 17 6 18 6 19 6 19 7 19 8 19 9 19 10 19 11 19 12 19 13 19 14 19 15 19 16 19 17 19 18 19 19 19 20 19 21 19 22 19 23 19 24 19 25 19 26 19 27 19 28 19 29
ROBOT 6 11 7 18 25 26
PATH 11 7 12 7 13 7 14 7 15 7 16 7 17 7 18 7 18 8 18 9 18 10 18 11 18 12 18 13 18 14 18 15 18 16 18 17 18 18 18 19 18 20 18 21 18 22 18 23 18 24 18 25
ROBOT 7 14 5 14 30 26
PATH 14 5 14 6 14 7 14 8 14 9 14 10 14 11 14 12 14 13 14 14 14 15 14 16 14 17 14 18 14 19 14 20 14 21 14 22 14 23 14 24 14 25 14 26 14 27 14 28 14 29 14 30
ROBOT 8 20 4 13 24 28
PATH 20 4 19 4 18 4 17 4 16 4 15 4 14 4 13 4 13 5 13 6 13 7 13 8 13 9 13 10 13 11 13 12 13 13 13 14 13 15 13 16 13 17 13 18 13 19 13 20 13 21 13 22 13 23 13 24
ROBOT 9 21 4 10 27 35
PATH 21 4 20 4 19 4 18 4 17 4 16 4 15 4 14 4 13 4 12 4 11 4 10 4 10 5 10 6 10 7 10 8 10 9 10 10 10 11 10 12 10 13 10 14 10 15 10 16 10 17 10 18 10 19 10 20 10 21 10 22 10 23 10 24 10 25 10 26 10 27
ROBOT 10 21 6 9 29 36
PATH 21 6 20 6 19 6 18 6 17 6 16 6 15 6 14 6 13 6 12 6 11 6 10 6 9 6 9 7 9 8 9 9 9 10 9 11 9 12 9 13 9 14 9 15 9 16 9 17 9 18 9 19 9 20 9 21 9 22 9 23 9 24 9 25 9 26 9 27 9 28 9 29
ROBOT 11 24 7 9 24 33
PATH 24 7 23 7 22 7 21 7 20 7 19 7 18 7 17 7 16 7 15 7 14 7 13 7 12 7 11 7 10 7 9 7 9 8 9 9 9 10 9 11 9 12 9 13 9 14 9 15 9 16 9 17 9 18 9 19 9 20 9 21 9 22 9 23 9 24
ROBOT 12 25 7 8 31 42
PATH 25 7 24 7 23 7 22 7 21 7 20 7 19 7 18 7 17 7 16 7 15 7 14 7 13 7 12 7 11 7 10 7 9 7 8 7 8 8 8 9 8 10 8 11 8 12 8 13 8 14 8 15 8 16 8 17 8 18 8 19 8 20 8 21 8 22 8 23 8 24 8 25 8 26 8 27 8 28 8 29 8 30 8 31
ROBOT 13 26 0 5 29 51
PATH 26 0 25 0 24 0 23 0 22 0 21 0 20 0 19 0 18 0 17 0 16 0 15 0 14 0 13 0 12 0 11 0 10 0 9 0 8 0 7 0 6 0 5 0 5 1 5 2 5 3 5 4 5 5 5 6 5 7 5 8 5 9 5 10 5 11 5 12 5 13 5 14 5 15 5 16 5 17 5 18 5 19 5 20 5 21 5 22 5 23 5 24 5 25 5 26 5 27 5 28 5 29
ROBOT 14 26 1 1 28 53
PATH 26 1 25 1 24 1 23 1 22 1 21 1 20 1 19 1 18 1 17 1 16 1 15 1 14 1 13 1 12 1 11 1 10 1 9 1 8 1 7 1 6 1 5 1 4 1 3 1 2 1 1 1 1 2 1 3 1 4 1 5 1 6 1 7 1 8 1 9 1 10 1 11 1 12 1 13 1 14 1 15 1 16 1 17 1 18 1 19 1 20 1 21 1 22 1 23 1 24 1 25 1 26 1 27 1 28
ROBOT 15 27 8 0 31 51
PATH 27 8 27 9 27 10 27 11 27 12 27 13 27 14 27 15 27 16 27 17 27 18 27 19 27 20 27 21 27 22 27 23 27 24 27 25 27 26 27 27 27 28 27 29 27 30 27 31 26 31 25 31 24 31 23 31 22 31 21 31 20 31 19 31 18 31 17 31 16 31 15 31 14 31 13 31 12 31 11 31 10 31 9 31 8 31 7 31 6 31 5 31 4 31 3 31 2 31 1 31 0 31
ROBOT 16 30 4 0 29 56
PATH 30 4 30 5 30 6 30 7 30 8 30 9 30 10 30 11 30 12 30 13 30 14 30 15 30 16 30 17 30 18 30 19 30 20 30 21 30 22 30 23 30 24 30 25 30 26 30 27 30 28 30 29 29 29 28 29 27 29 26 29 25 29 24 29 23 29 22 29 21 29 20 29 19 29 18 29 17 29 16 29 15 29 14 29 13 29 12 29 11 29 10 29 9 29 8 29 7 29 6 29 5 29 4 29 3 29 2 29 1 29 0 29
